{
	type = 'Header';
	version = '1.1.2';
	[1] =
	{
		[1] =
		{
			[1] =
			{
				type = 'Node';
				ui_name = '';
				x = 0.000000;
				y = -10.000000;
				dock_point = { 0.500000; 1.000000; };
				anchor_point = { 0.500000; 1.000000; };
				relative_size_type = 0;
				width = 930;
				height = 200;
				scale_x = 1.000000;
				scale_y = 1.000000;
				skew_x = 0.000000;
				skew_y = 0.000000;
				rotation = 0.000000;
				visible = true;
				lua_name = 'bannerNode';
			};
			[2] =
			{
				type = 'Node';
				ui_name = '';
				x = 0.000000;
				y = 10.000000;
				dock_point = { 0.500000; 0.000000; };
				anchor_point = { 0.500000; 0.000000; };
				relative_size_type = 0;
				width = 910;
				height = 420;
				scale_x = 1.000000;
				scale_y = 1.000000;
				skew_x = 0.000000;
				skew_y = 0.000000;
				rotation = 0.000000;
				visible = true;
				lua_name = 'itemNode';
			};
			type = 'Menu';
			ui_name = '';
			x = 0.000000;
			y = 0.000000;
			dock_point = { 0.500000; 0.500000; };
			anchor_point = { 0.500000; 0.500000; };
			relative_size_type = 0;
			width = 930;
			height = 640;
			scale_x = 1.000000;
			scale_y = 1.000000;
			skew_x = 0.000000;
			skew_y = 0.000000;
			rotation = 0.000000;
			visible = true;
			lua_name = '';
		};
		type = 'Menu';
		ui_name = '';
		x = 0.000000;
		y = 0.000000;
		dock_point = { 0.500000; 0.500000; };
		anchor_point = { 0.500000; 0.500000; };
		relative_size_type = 3;
		width = -350;
		height = -80;
		scale_x = 1.000000;
		scale_y = 1.000000;
		skew_x = 0.000000;
		skew_y = 0.000000;
		rotation = 0.000000;
		visible = true;
		lua_name = '';
	};
};
