{
	type = 'Header';
	version = '1.1.2';
	[1] =
	{
		[1] =
		{
			[1] =
			{
				type = 'Menu';
				ui_name = '';
				x = -1.000000;
				y = -49.000000;
				dock_point = { 0.500000; 0.500000; };
				anchor_point = { 0.500000; 0.500000; };
				relative_size_type = 0;
				width = 1020;
				height = 510;
				scale_x = 1.100000;
				scale_y = 1.100000;
				skew_x = 0.000000;
				skew_y = 0.000000;
				rotation = 0.000000;
				visible = true;
				action_type = 5;
				action_delay_1 = 0.000000;
				action_delay_2 = 0.000000;
				action_duration = 0.300000;
				lua_name = 'ranking_reward_TabMenu';
			};
			[2] =
			{
				[1] =
				{
					[1] =
					{
						type = 'LabelTTF';
						ui_name = '';
						x = 160.000000;
						y = 0.000000;
						dock_point = { 0.000000; 0.500000; };
						anchor_point = { 0.500000; 0.500000; };
						relative_size_type = 0;
						width = 266;
						height = 45;
						scale_x = 1.000000;
						scale_y = 1.000000;
						skew_x = 0.000000;
						skew_y = 0.000000;
						rotation = 0.000000;
						visible = true;
						lua_name = '';
						font_name = 'font/common_font_01.ttf';
						font_size = 24;
						text = '시즌 보상';
						h_alignment = 0;
						v_alignment = 1;
						color = { 209; 180; 142; };
						opacity = 255;
						dimension_width = 266;
						dimension_height = 45;
						letter_spacing = 0.000000;
						has_stroke = false;
						stroke_type = 0;
						stroke_detail_level = 0;
						is_sharp_text = true;
						stroke_tickness = 1.000000;
						stroke_color = { 255; 255; 255; };
						has_shadow = false;
						shadow_color = { 255; 255; 255; };
						shadow_opacity = 255;
						shadow_direction = 0;
						shadow_distance = 5.000000;
					};
					type = 'Scale9Sprite';
					ui_name = '';
					x = 20.000000;
					y = 0.000000;
					dock_point = { 0.000000; 1.000000; };
					anchor_point = { 0.000000; 1.000000; };
					relative_size_type = 0;
					width = 980;
					height = 45;
					scale_x = 1.000000;
					scale_y = 1.000000;
					skew_x = 0.000000;
					skew_y = 0.000000;
					rotation = 0.000000;
					visible = true;
					lua_name = '';
					file_name = 'ui/frames/base_frame_0101.png';
					color = { 255; 255; 255; };
					opacity = 255;
					center_rect_x = 0;
					center_rect_y = 0;
					center_rect_width = 0;
					center_rect_height = 0;
				};
				type = 'Menu';
				ui_name = '';
				x = 0.000000;
				y = -15.000000;
				dock_point = { 0.500000; 0.500000; };
				anchor_point = { 0.500000; 0.500000; };
				relative_size_type = 0;
				width = 1020;
				height = 595;
				scale_x = 1.000000;
				scale_y = 1.000000;
				skew_x = 0.000000;
				skew_y = 0.000000;
				rotation = 0.000000;
				visible = true;
				action_type = 5;
				action_delay_1 = 0.000000;
				action_delay_2 = 0.000000;
				action_duration = 0.300000;
				lua_name = 'ga_summary_TabMenu';
			};
			type = 'Menu';
			ui_name = '';
			x = 0.000000;
			y = -6.000000;
			dock_point = { 0.500000; 0.500000; };
			anchor_point = { 0.500000; 0.500000; };
			relative_size_type = 0;
			width = 1020;
			height = 675;
			scale_x = 1.000000;
			scale_y = 1.000000;
			skew_x = 0.000000;
			skew_y = 0.000000;
			rotation = 0.000000;
			visible = true;
			lua_name = '';
		};
		type = 'Menu';
		ui_name = '';
		x = 0.000000;
		y = 0.000000;
		dock_point = { 0.500000; 0.500000; };
		anchor_point = { 0.500000; 0.500000; };
		relative_size_type = 3;
		width = 0;
		height = 0;
		scale_x = 1.000000;
		scale_y = 1.000000;
		skew_x = 0.000000;
		skew_y = 0.000000;
		rotation = 0.000000;
		visible = true;
		lua_name = '';
	};
};
