{
	type = 'Header';
	version = '1.1.2';
	[1] =
	{
		[1] =
		{
			type = 'Node';
			ui_name = '';
			x = 0.000000;
			y = 94.000000;
			dock_point = { 0.500000; 0.500000; };
			anchor_point = { 0.500000; 0.500000; };
			relative_size_type = 0;
			width = 1280;
			height = 450;
			scale_x = 1.000000;
			scale_y = 1.000000;
			skew_x = 0.000000;
			skew_y = 0.000000;
			rotation = 0.000000;
			visible = true;
			lua_name = 'tipNode';
		};
		[2] =
		{
			type = 'LabelTTF';
			ui_name = 'rich';
			x = 0.000000;
			y = -203.000000;
			dock_point = { 0.500000; 0.500000; };
			anchor_point = { 0.500000; 0.500000; };
			relative_size_type = 0;
			width = 1220;
			height = 120;
			scale_x = 1.000000;
			scale_y = 1.000000;
			skew_x = 0.000000;
			skew_y = 0.000000;
			rotation = 0.000000;
			visible = true;
			lua_name = 'tipLabel';
			font_name = 'font/common_font_01.ttf';
			font_size = 30;
			text = 'tipLabel';
			h_alignment = 1;
			v_alignment = 1;
			color = { 240; 215; 159; };
			opacity = 255;
			dimension_width = 1220;
			dimension_height = 120;
			letter_spacing = 0.000000;
			has_stroke = false;
			stroke_type = 0;
			stroke_detail_level = 0;
			is_sharp_text = true;
			stroke_tickness = 2.000000;
			stroke_color = { 47; 40; 22; };
			has_shadow = false;
			shadow_color = { 47; 40; 22; };
			shadow_opacity = 255;
			shadow_direction = 0;
			shadow_distance = 3.000000;
		};
		type = 'Menu';
		ui_name = '';
		x = 0.000000;
		y = 0.000000;
		dock_point = { 0.500000; 0.500000; };
		anchor_point = { 0.500000; 0.500000; };
		relative_size_type = 3;
		width = 0;
		height = 0;
		scale_x = 1.000000;
		scale_y = 1.000000;
		skew_x = 0.000000;
		skew_y = 0.000000;
		rotation = 0.000000;
		visible = true;
		lua_name = '';
	};
};
