{
	type = 'Header';
	version = '1.1.2';
	[1] =
	{
		[1] =
		{
			type = 'Node';
			ui_name = '';
			x = 0.000000;
			y = -25.000000;
			dock_point = { 0.500000; 0.500000; };
			anchor_point = { 0.500000; 0.500000; };
			relative_size_type = 0;
			width = 1280;
			height = 660;
			scale_x = 1.000000;
			scale_y = 1.000000;
			skew_x = 0.000000;
			skew_y = 0.000000;
			rotation = 0.000000;
			visible = true;
			lua_name = 'tableViewNode';
		};
		[2] =
		{
			type = 'Node';
			ui_name = '';
			x = 196.000000;
			y = -29.000000;
			dock_point = { 0.500000; 0.500000; };
			anchor_point = { 0.500000; 0.500000; };
			relative_size_type = 0;
			width = 850;
			height = 600;
			scale_x = 1.000000;
			scale_y = 1.000000;
			skew_x = 0.000000;
			skew_y = 0.000000;
			rotation = 0.000000;
			visible = true;
			lua_name = 'detailTableViewNode';
		};
		[3] =
		{
			type = 'Node';
			ui_name = '';
			x = -430.000000;
			y = 0.000000;
			dock_point = { 0.500000; 0.500000; };
			anchor_point = { 0.500000; 0.500000; };
			relative_size_type = 0;
			width = 380;
			height = 670;
			scale_x = 1.000000;
			scale_y = 1.000000;
			skew_x = 0.000000;
			skew_y = 0.000000;
			rotation = 0.000000;
			visible = true;
			lua_name = 'dungeonNode';
		};
		type = 'Menu';
		ui_name = '';
		x = 0.000000;
		y = 0.000000;
		dock_point = { 0.500000; 0.500000; };
		anchor_point = { 0.500000; 0.500000; };
		relative_size_type = 3;
		width = 0;
		height = 0;
		scale_x = 1.000000;
		scale_y = 1.000000;
		skew_x = 0.000000;
		skew_y = 0.000000;
		rotation = 0.000000;
		visible = true;
		lua_name = '';
	};
};
